552.5824265455044 366.75829907553725
578.5746662523911 166.3860832208498
427.75463548952484 143.48002952992226
442.05719389565695 154.08471803300125
480.8814797997416 346.07533114423734
550.6450907078346 109.27736660610611
412.7676820767982 179.55929917466375
524.2126593472192 358.68737783818665
547.1067984658179 308.64792433820867
512.1154908652999 361.98013486712165
541.5040018937189 345.6071491892437
433.03017391919525 162.56202400716535
407.0095962950135 354.51370588354115
377.4678694827212 149.1173148965342
610.53513175948 193.20607809674235
458.36367250765625 376.0676370265469
373.73436820618264 165.20834764532106
589.0684804961636 334.8071337316851
611.6695885598651 249.14670899886224
339.83944649156626 257.9167051405241
532.9920468707721 353.2126331029665
356.2665524688301 248.98316182920428
513.9205504718185 139.49020345061783
495.8031909053724 342.59015689716296
580.6399768904778 181.1686316113546
431.51584574372873 142.47066203594662
390.3914432139039 187.1296213320881
465.81593237700474 368.1262378645922
394.56654484922467 164.32306121665198
594.1624618776698 301.5236720330031
586.9100472414569 230.36749300744648
590.2307919003015 183.17633392948002
560.5843651883675 142.01326728960294
457.82307491952884 385.76277103432983
618.2290261628129 205.46277166433066
384.30233114268117 199.43367003636024
346.61011314520067 244.01658880199912
527.1169607874853 129.049628070041
589.2502078071401 342.0149399264485
422.19377433949774 126.84537045013272
515.9084408030212 384.88110296060603
562.0007285974949 115.93834607879711
370.02262571587306 186.31296319213823
547.6507960815495 302.6134936593989
572.5625653456203 190.17389062420696
398.4182193014477 122.3208639507183
465.97029458403506 343.0730921237732
489.5675838049351 141.5384634163062
537.4369486078648 321.32598669476783
465.43542473406313 129.2587777497712
388.1639642011574 314.7530649226874
375.5180741543984 231.17713643218644
357.1945546312533 276.6138614353416
563.4166746416538 342.84999566235365
435.6369501789468 124.81820814311753
356.680930495994 174.33742110930152
565.1082952703581 175.7520946788234
450.4723195562121 339.1511707817716
575.9906606019889 300.6037078865947
394.8881613671849 179.6420508808192
598.1778916997202 222.37140734364453
346.04215354593975 256.6401304590853
475.45857381289153 92.1207284257735
566.8880030589565 346.6158963362695
364.1120185252265 168.9077109494201
463.1231589738759 349.759724755158
346.6736484136037 236.05283970191576
389.69120419639967 138.21646939273217
597.5546693790606 227.80025341420813
419.6119271998803 345.21705338276524
379.10478733897287 275.48201479678573
581.7628226529711 328.0411025009016
403.48719355241747 141.9771847928688
558.4298267310021 151.16672027179214
598.1891815145259 283.9621009015447
560.3021297294856 362.5837930506754
569.5119612566306 300.78617023899824
478.20229396717673 333.88115494892537
612.29476258827 239.66066702786395
389.3532246364814 276.9167576561354
461.9145613626932 139.56976026569328
445.96538006751956 338.99206632434067
602.8905563556469 274.9061626021301
480.50248285277627 371.7373307656063
412.3881378296869 325.7925046439965
412.1310112394078 348.6008472340125
384.143810101178 142.27183231013157
521.6325717327787 337.4141442936585
381.48010224833627 244.96934135731004
547.9019388474711 174.38236891187387
401.182879925831 148.2656939450689
514.0440146500633 108.21088435952507
552.953155636816 360.1485324207899
521.2289437372314 346.89986976336667
505.7197530974886 357.1052088178773
384.3949631645706 235.67760938846885
611.6878841727619 291.61986036219537
395.9130751531958 325.9897958918964
590.9525332390831 212.6397795701679
419.3939430570172 344.94188385918244
346.817115474469 221.08655399696698
540.9534134208999 370.8343408626804
487.74847696577666 340.7760043940662
600.6577018595542 235.09815387676332
373.51374024095344 170.6218331400821
339.7424160630429 197.0891417059181
572.628297968997 183.4664502270008
398.5539921002876 181.9645293972584
510.11153837340504 352.57536160832376
482.76944577638903 97.26333164408916
552.2757247485066 308.97190457506616
386.87043413410686 207.2996352082066
368.8300456868403 195.06388605788666
409.18724186226837 142.7716820347402
407.2131338958592 139.933811866565
512.1151737597138 94.25614776036494
593.1788875662014 283.1984096027634
565.7823457536048 283.74883308824775
611.1620901649922 189.88792959435202
573.1967424988874 169.56985026177506
511.3275150823773 106.70736880563226
355.83613624851085 319.7241902447107
355.2290213940114 203.21810139976665
552.4302534060924 112.65227648302883
340.8909372099578 223.7681928910189
520.2447834067274 359.65696023276274
600.0117099549976 232.30479715332373
474.7265276232064 335.34124640103374
381.24050933216574 249.0523829049572
359.78020929454624 255.23415429189336
376.65219997897503 216.04770448968526
555.1201284297764 115.58806037193307
428.8631678040143 358.8642253852929
435.14088648019913 125.9097254383921
554.1294487808216 296.2805922611878
432.8357292144038 327.2618346208369
354.5772260497859 300.9604204845808
422.1242983910556 163.38456062693604
514.7200341080206 375.1256912109403
357.1797783927584 194.38451721939666
436.2017728122828 111.0825670013671
490.76643067071353 338.21733511510433
416.0182903093167 112.64375485504054
458.5117551153777 331.50761122566956
361.02217696782463 251.03419677969876
421.52865225182666 367.9952609264869
589.7855493298716 203.41014065335565
473.591737292762 362.4240562190074
341.8156334011737 293.5619601392699
597.9698407292836 249.30991940141658
469.66691716374675 149.23872733348816
546.4110465784893 319.15010866389815
566.3128586873815 178.05849566791298
423.8749756954377 151.30023312868187
587.1088709045533 187.38664940935817
346.3664851942128 304.74124357354276
621.2868101598356 274.7044431440379
585.610398942986 284.4481334395962
599.5234123912638 255.7999850971217
444.8858929872007 355.85718099608846
373.6960751058166 205.22939269561192
606.4004034775942 238.34143042686725
369.5767222411704 148.58217243264374
363.1642122145749 323.1922953539994
535.1053516219936 161.50611446588573
389.5615092039803 162.97061748485996
510.96818524829547 338.55158491166094
351.1028771014354 302.19473169030437
602.7483739810302 298.21807415698373
438.37801389559337 111.66766917958887
599.268062299843 319.3686961717435
573.1539619602452 123.55500497405686
558.0663957575756 177.39244346720358
554.6009079361856 335.4923306035008
607.1661780928254 170.67412386130053
406.33894822883093 167.30158782832484
390.5663593166695 167.94036925526186
549.1500748328739 329.32788398924606
553.4854894806017 185.09508541403218
392.07224550157474 219.27558921876408
484.85902352972386 331.1431957382318
524.6547444012124 161.0001847378898
396.1338471820128 144.6006952378754
567.3024611175638 211.47180277543697
430.5580196510052 158.54616278227905
440.83178541978936 142.48639145141317
517.5914156789045 347.11793285759967
468.1978455483459 150.65974157029177
575.8838699388649 223.75924583329433
541.3925139032534 326.06389556330015
337.80079270955434 274.915576202132
599.6067823088486 173.1382836193816
365.0803720293493 238.65170527303397
533.0847590441607 145.26894620689666
424.06037099364517 323.25142911956016
587.517576307114 274.70908156031663
568.5614668595354 271.3502676502796
620.0239722480069 244.46490108908708
570.7220328384113 123.46887568638394
570.5101058293146 241.18200188068286
368.19637690010074 266.1295940297531
416.38790552202886 145.13343814538595
495.9534341971447 333.2357279521492
400.21384058326873 122.07113749527157
574.9971036305799 222.34624264417226
585.0766212222651 256.63192629734056
387.57655428924505 256.58097081998903
610.2244476043393 279.66875597829306
426.5560489748606 151.36584832196368
536.8239686102203 340.2584195572141
371.4398737606299 322.63481265108777
579.4831560314441 271.243294882927
519.7787347968243 133.9719535498739
365.8865874571161 142.9179757523322
536.2634939180568 140.45826682674777
431.7815589476727 365.8159594430445
478.73165987173127 99.63138355250007
507.84286951243416 100.11111815577405
331.80897434395933 261.1379512295455
540.0301614782435 135.4908313497806
539.0617041915384 333.0458833360055
483.5014023648666 137.83104039690897
536.020022623663 315.9274326275679
431.7920889575338 329.5160369318384
352.71936624856903 296.8080412164696
533.2829294844402 350.1515578927638
501.4677699441991 345.34393304321446
551.7426135253086 358.3043370141213
536.1434788811719 163.7179260674774
504.0284789865776 103.64859855194041
442.81014226151063 348.220937406916
374.9738648362895 142.6838422436643
539.9637477542526 310.57465199999143
487.6563732560083 102.54872665344911
465.23570554248147 345.8352717174269
606.5162330340107 211.65471385186717
493.60163243212526 103.30418502379382
573.9965499102054 237.2858948419453
380.42450069250606 156.0493541031409
364.935298642106 269.48521902954553
445.00710205629275 336.415389575891
374.4536357386791 164.94621332690576
411.1351774974123 156.32626204065025
609.9129716915464 314.1459915127143
383.65312368611063 325.7677330955271
357.56382873534073 193.92010444536467
401.6925666041273 143.03319679923968
551.8039433786962 366.1727646425398
358.9330729711175 224.06068693431834
502.02451576566295 332.7199925044925
404.74490004599727 127.52733968344442
568.9101316940711 302.71744999374334
476.84832539897354 117.4912245385713
504.0733237932206 353.3968701815326
339.5031167815789 195.60428734374767
468.0244547820282 94.29362671807726
485.6637748087526 344.89421624716385
603.5825608163221 167.13556095245224
419.91751092464466 332.01346876454096
458.2182891021804 366.28588642967827
476.2466312544572 373.19423862411134
576.8891401437712 244.9659525315083
435.637226603314 321.56569102286926
551.0155304040218 355.3359639275907
584.9786899182157 158.82339679785065
360.0991204637587 232.9592981527795
573.882715476855 253.5920967961517
462.7331499382814 333.66863811620584
607.9559060921111 218.25229820341468
504.4894247783118 360.64783516450643
579.0394136749427 244.2269799656095
364.0378337723605 275.80330657017265
375.161495111388 326.5202184892739
351.43391827895846 243.36688200736356
588.7330651529854 209.8689661128769
514.7988764813927 375.9194510997901
429.47891222458804 334.76666496409683
406.8490138657045 152.21834039774757
420.8029107305334 309.8926631645526
376.50899601592016 165.15394623799733
611.793854384472 168.5592590695952
574.1629246443197 230.63501882416136
532.7649118393408 346.3256015356945
456.5054138714491 385.47210931111647
557.785640560707 147.5589456257965
567.0933331891185 271.8091574641787
546.3607346565298 170.45004751171086
434.0648285571849 117.91635992076375
513.2466941397674 373.29990945253667
622.1783125373611 219.16585746398437
360.44406322078794 255.31010539984896
456.79196769421105 368.5157154535574
390.1665676824745 268.86279908869955
466.33339501508715 349.7057801818595
434.9813106456621 320.55018479283837
512.5555674317201 379.0690529730583
606.0151763631806 171.2800622458493
419.6716396565501 329.8116789475106
469.58546334098264 105.17192224840696
415.4452947776732 121.62609004773688
389.0439382027871 288.769225783032
561.4534260193745 286.1106948178868
489.9337296012955 353.102035290502
445.4331814322504 372.9457585311286
371.8752805050022 281.961321735772
553.8954778349294 170.142201045587
347.93886652662775 243.2120354327307
526.6466091419329 334.07134744176176
360.42584753166227 257.43174530440916
511.24753223057195 118.79431331288467
468.8930300535937 96.92806997629211
583.8820729981492 255.11044940116125
331.48301977340327 222.4963012815685
439.7070598395695 105.89764748855777
372.00323326367595 139.4055181818593
389.8472190875916 300.4044602149598
442.62041122148094 369.71489890351063
415.3107838486152 318.939642031532
381.7869008170476 259.1415030631362
392.2857140677201 154.4328699772746
350.27958121423023 306.4993698241959
486.8866988577777 359.56686101505954
428.57185945465744 324.33565505326465
335.4168039643015 249.3450600629397
394.20236214400285 157.7745343911337
580.7659256022627 307.54263987186226
491.04993903022506 145.8092315222623
445.04302241453263 348.28447726805473
479.9516963608263 108.44071609565142
372.5547150015075 143.2571021947638
510.2355489471801 146.71027073445015
604.4259222332237 234.03417523157617
423.14789743953185 141.6924329552115
410.31772979050265 146.68081544609458
575.3632651248497 308.1991462205374
478.19307134338965 344.9507979277629
560.0008449124604 322.6441687992548
570.679167663287 221.14290947301137
359.1106686139817 325.6188786215191
576.6792896982046 186.05388998611207
347.4833810887777 244.44394382354503
388.3000464055259 275.52803645068855
373.0922407369102 170.53540742131992
590.4866385195063 155.53619331828455
584.6683046711886 283.81612019819977
613.4105088556963 308.0825345760452
395.1886893743225 161.0526007120809
475.57941494086793 147.2862850178944
602.5460208188829 206.77792839432763
344.17328075357545 220.74168369945062
603.4177449054722 321.78930329030857
389.4455032394264 125.50027539324421
541.5153863461899 149.3609487242661
533.9581891010895 352.2964211558799
455.24439441374886 343.1216020505035
530.584878927862 340.47260411217155
618.1025286958286 267.74512177092254
345.2053407731255 260.67401646462014
363.72948191786804 307.5256238778069
518.4560327449476 108.58560025083861
621.7703684448306 273.4383132669722
378.1945768278112 308.57449233769654
572.8816471599057 255.0531747347055
562.7346180093191 341.6082685887521
553.5034973187541 297.04556920087225
501.6927856938359 148.44718865350194
581.7271437839646 187.74260544741892
549.0245250622611 113.77545133328418
388.9784337359738 312.27000669481083
364.0063480937312 334.9239391904392
583.1094675104064 301.4937989633294
624.8612391870724 271.4244221316361
454.231580580826 361.22903329668435
572.4671083408484 311.29803994877716
418.065112174486 357.4548687740724
541.8451167071723 366.7176558617612
411.78925834293284 162.45130744151317
608.5724342979754 209.4944418778006
382.2936276400211 200.2884659668344
519.2717919365374 338.81439659895386
559.619441403657 327.029395245069
364.55630935047833 213.00326169101587
582.3989576849466 319.07667126903533
535.1481753244188 146.9509431683037
394.2680832950192 168.12496092566624
584.3352305379887 287.12054928310425
529.2038485110326 348.63535933692833
339.64738123001587 238.56635817937814
533.3274589674628 144.54820628922795
547.1982414198267 311.46665508591576
599.443034866623 279.1659598004114
395.04684191725556 139.7596131335813
585.1511232574759 272.6881024337926
581.9884417393164 206.22675527961866
529.1592935365388 138.10464854587198
533.997740896562 152.55159620240676
577.926856288085 211.605188553382
360.47776273918987 158.75568565952102
601.952367958479 313.4189207770297
481.196044620473 362.47688597899645
377.38846389850977 289.3464227047675
380.3436509555023 181.96574151481457
395.9682603883046 148.9846431776873
375.32685534272736 214.791289923774
432.3480096950766 128.85450312731064
590.6170086446532 310.99262518053786
417.9199695471867 125.96549316355343
542.0982509140638 144.5079534819768
405.9464643958649 169.65386214110237
360.38422210322426 214.03997641910414
377.948119312413 328.1854464032086
548.0720744943658 172.01823387735277
344.40681493995896 270.83454068008757
479.5696126190288 358.60446745535893
479.7297104683164 340.2749757745777
354.74427684975757 313.55639108608926
372.4651399580166 141.44793825042373
389.44009667863975 216.99765746001958
366.69131259850974 284.4430944469562
440.04516734144875 358.9872608907344
545.9896632472116 309.5644557552576
384.1456021340095 163.601029905237
539.3318287846618 105.31100717044498
343.9771365200858 224.9405183297723
547.7082193514228 143.5290386598158
379.7522356536658 207.74171151989106
460.27901863649663 122.04284904047765
346.38307266072206 186.6780584628061
516.2462158610417 338.95092418916255
375.81640482710714 132.86889575213522
439.9125406678783 346.864063353995
578.0823072474489 338.03301852460294
378.0014087678609 220.7388478106118
372.38649342706 173.29537857765678
602.2131095730031 285.98178921798944
366.9795487748991 226.46722733093944
394.4587646222733 157.8880073867512
556.6078249939 154.6092104722105
475.38989055978556 121.54567755354589
573.7276968305847 219.16288777787727
375.354281663525 186.24670292090394
397.2936876741082 296.4928373943504
398.8826797135676 195.39798478272618
497.88785819266866 144.29758587358882
565.0554574652302 321.0053432719891
404.96440236540735 144.71052406874796
587.9394590485625 313.8116806061763
587.4122131925833 175.62997550191642
477.33248459930115 125.68540525400991
436.05927193932683 130.73314209444845
335.08851909223364 221.87557527751076
586.7363222627584 153.19238697520677
571.0046345671408 333.7927937848506
413.3575433413622 150.3119576816922
578.619012555619 267.17049163978265
528.3645512927046 316.47152154399083
622.3543584961884 199.98607887369602
567.7694472411202 295.216878757782
462.2151691301061 140.79496580686987
450.5823651900411 103.50191532234865
365.5498726242195 291.94446399738973
579.4728262923054 220.0037364762477
569.6102373516727 183.58387871622514
591.4584222754065 339.1875538736041
395.22155002280226 158.0668531290391
433.5661008946484 381.52098927912084
407.907534942752 348.73154628130044
350.40031880084825 270.2116687895392
614.9286024842136 253.38074237317045
498.4102399025049 329.0315344987898
569.1941689738961 202.83899257000405
435.69923937588624 339.3320201752804
374.64750420301436 293.3339365586736
368.0185574628483 276.0553397477445
593.0106613357652 215.55805051852445
330.8256177014608 226.81534526305487
498.83622031577914 130.57862410623764
612.995990014586 200.88081875983823
555.6341708347007 116.08555116998427
586.388428955656 308.77132463037697
392.1005583057517 136.31860480750703
376.94152148176454 224.65689376937706
614.3390166252213 269.6481532628626
510.2160690513538 385.3103137975097
416.22561432992643 128.5592186027497
555.2438317413048 171.50835388758026
594.485944560183 174.86681694247153
525.2113784863047 355.1514537289096
363.07139158023375 174.44336251231238
590.768072884638 168.48688350728855
400.39141167270316 176.6715660791009
577.3477738024809 178.68286011849108
592.9304213274945 235.54091358104992
578.5332926422294 280.85356494894666
572.9520855633439 348.5422828001439
427.7823178634909 161.43069565740234
508.7761618719197 123.97330931645708
373.0422810701228 246.99062766717765
528.3550370867032 319.26018160756223
614.5396388485874 179.77993595902123
401.40386134018604 138.58352908428958
534.2797481938795 151.10062939181913
441.40736521170845 371.56650061659604
513.8919763749595 147.75189744685457
567.6445720462305 359.4191282648452
581.7967825511499 161.7377734935347
468.02194994520147 333.8568480559465
456.19673821173654 387.10351938670925
480.2708341448947 368.7705741897235
584.0653154469853 140.43264110479836
603.1390307828315 205.4478562305948
575.972617718915 213.16467060011772
440.9208480379106 136.19079559335339
363.78284565496455 171.0396617686427
609.9201537688566 182.19215188004728
432.2572346749533 329.45472731531515
372.3544769152793 295.04682604934834
351.6885206430776 304.7616375361042
591.5321206376644 285.0527914669552
366.53077490173905 254.12002836680148
508.28031927224833 327.16995108157715
598.9182384083039 219.0595604875622
336.0924832302991 197.80854072368024
464.1465658366975 91.26901116117207
609.8054875861479 285.1268986319232
357.2347155433048 154.53445126026764
390.8006137608554 180.23037104411344
350.8394477983798 308.21862592084074
364.91538059438324 331.99574249138095
390.1412658061853 166.4753360611395
505.72673860424607 347.8932347330467
517.1550054468325 157.41687119154503
585.7689015999606 202.62889778247745
582.9841372036132 348.6860275479461
600.1943944786753 207.61204417213187
556.281561611969 302.62054208254216
579.1121339666495 213.80125734005605
584.9682837124843 209.71492610069706
588.754735905727 167.20952266006793
579.5645377356697 145.77152201315408
394.7325543932988 160.1033422489058
391.8798114370611 186.61326663398677
432.01813415992024 335.13247177929384
597.6973835085838 252.2378694766478
492.4132008822566 132.88747419063
597.8256201872634 250.0319595966402
465.60419847179384 139.783644386832
564.0837530244681 273.67835442806603
592.9610692929416 222.95622971323706
575.1033093260203 211.1848617242529
620.3314511818694 272.32965021616326
598.2404187446075 230.72855316574638
530.9820494469614 323.84740156576214
545.958044169204 367.9496174093887
589.375358238331 163.73194127056334
562.601777585097 160.35675141249416
472.5735607369792 351.2423636535174
441.0663412834918 135.2479741826501
536.3519133977506 320.2611659022937
370.3061663243349 282.5756875515203
339.95829398937343 269.382573002007
570.390280147657 256.6035371133072
566.9403698292253 263.99252297316264
381.87237406375056 185.3438133671002
594.0996615083477 274.95122505392726
547.5213829889786 157.1016459078403
566.4349992638292 162.5006184453182
443.76698406062627 329.7975069178349
487.2383629749987 92.4558987485965
483.52113839376096 149.11583318001755
333.7338126537727 248.6965996800571
530.1381500312024 102.49553158979745
568.216240178967 155.59454424427122
403.76354668712685 304.08600306984323
605.6868776666256 201.01077270576803
374.47498088264956 278.75930713977556
598.1736299345507 326.7085423762454
377.96256360707963 162.54176498726605
417.5186065243229 113.9774079836629
345.3667831242866 210.63473416859756
578.365641144348 218.95937779914368
578.4785408440332 287.79311573279426
412.6097699175367 321.9402276768559
354.85869314043043 177.46406443534096
452.44493996253647 339.45884752486614
349.5519479031492 224.37570679193706
487.93276150319383 91.60375624766519
421.0400072620842 122.45726157267569
412.9119699411276 327.19050826846706
348.457069127372 217.29433724128353
351.68220994223066 268.80327918436114
417.0633451112849 375.70019547466677
568.7126707439683 201.85964188176945
458.0045124129857 382.9224224548876
477.50920022711983 110.04223488804587
562.6053661720172 313.1077971590995
490.9661342951499 343.389501687809
586.4904505136619 274.86572570978825
494.40097982683915 377.7061402497092
410.3346720335205 324.1563469910634
373.89295489019435 251.9990878877569
483.19945303153355 149.72308385500642
394.91622529237077 143.56510347208774
600.8193753936737 260.1393354562769
562.4829376193001 350.0339700146264
396.7826560308443 274.6574702149963
406.2432137891645 320.1931850596945
499.83014913558475 114.81026831243969
613.9797669152265 222.90326619907546
591.3731948217238 196.71435674592965
405.49223713589714 318.0904229610153
444.12752858961693 327.853854891316
344.87589479569 246.3996195215159
336.8311994420411 232.3924960766077
419.88730015296346 150.46073372017196
488.85417601198907 340.7433063317269
595.4248514477393 166.3251457446779
454.9402586645443 364.4385360930973
378.3963706406831 166.72394314369203
494.88105300129905 141.67199761856222
408.23295462838604 333.5321470952647
601.4621202273879 219.44005650232774
424.4510297305573 365.6639198523899
511.7492820821595 124.16748509343651
621.4751506752107 259.91451159994807
443.52885307984184 129.34477356871122
426.39461920462895 331.95160064602555
391.65555862250363 133.16294484700856
409.8039734521628 320.8308479542123
400.17099559790705 136.0591798802458
560.274163977715 336.8063351138686
435.5534417958317 360.3189127655715
609.4586895568997 172.25176951429637
502.56619679766334 103.68720529578246
554.5701131644425 182.16706764614827
449.45372426024915 331.9099273517038
623.4501466921458 252.14043901979198
435.29171824633795 327.09617894931483
370.6640002763354 204.0029334486797
590.6943512023913 322.32214540592963
592.1381191529848 190.81383358191732
467.13128645948547 380.4163636656011
458.8670719908106 143.43849332393756
544.114243082451 367.59577900763327
531.0890237322092 114.14920780546555
431.0876359315154 117.53667522445363
461.4136733007622 141.51151649963768
505.0775497971903 106.70052805390901
375.139847754844 247.49780266087296
509.72929220198455 378.25022514164584
389.2239105964386 322.50406757007624
432.27294969651757 121.35103696062377
356.60683060544983 288.5763699410635
576.8910535350052 249.57216679612904
386.81167789726675 219.47666512231092
387.23401056608486 129.1857009661079
382.3649665182287 306.483197752358
571.8826537081841 269.6071284404796
497.55237255136154 339.61345663982604
342.5950446886738 237.97967426061197
353.70157837865713 220.34606877162565
519.7043827897529 118.9552243025904
486.7132690781954 122.54261495783777
417.5818980825873 136.88843163838004
475.085245340711 111.64580731438983
536.1259925205836 164.46384312391206
412.445479369348 353.57828994402456
526.3553706086786 147.37725141191726
437.8576256999509 353.3574012532115
388.3291995260969 187.54763122657837
460.6725696276982 140.57290552089938
361.1703299298245 204.39317557936306
556.0095385694 314.73765919471344
382.0356163436495 243.35584032356792
388.187446002869 124.2192411323548
492.649960265836 106.39578283754781
617.9240590847946 216.30270621323672
465.6583100378869 352.3979244998435
579.1038013548784 288.04327413472697
433.9620894410185 131.77789351104394
619.8961380437895 272.88953912108667
562.8094992278408 189.92794004795263
447.1636374451808 352.17923917136534
372.79992544519445 268.20812648701525
511.90073105567814 380.1004952323077
370.08979900840416 305.8989847527444
587.9159982638399 227.9950421951031
562.0766064536721 196.86252014825823
573.0478425880639 314.25582548822257
492.5921862234316 95.1731310399777
381.44275853005377 149.4556445379897
479.84313945208066 142.26641667179666
430.04240557181197 319.7508978684128
601.4379072777441 310.6945323572156
562.6119319988286 179.2024501376011
583.8987053884046 318.47695074612227
513.7599971648958 344.6442810327333
497.61633556083063 102.73334022205822
596.2440845970217 289.63966601228555
456.5444351367432 94.54084228352411
592.3164603069968 276.7688933331197
500.3673291651887 129.25923031902744
374.52609909636686 255.73389772915147
460.4649104464662 343.0987841657043
488.23277649612413 90.84446445418712
413.7164332909954 123.92292884315988
609.6686119236313 200.78808560195768
572.9234494634067 180.92042442802045
363.56620657505874 182.78377127901956
365.23541644909096 267.3836321306295
370.1605673819232 212.95719132466888
417.2164063502787 110.76310014203042
406.6972309409772 304.7627140979696
558.2468999520837 174.50159770945754
531.6287075635695 106.71237896148068
367.9445777998093 260.9109604589406
585.407009494774 300.80369824904494
515.5367066145228 338.3513382354896
527.5489142426043 99.67745161423858
579.270619891678 221.74584016090353
628.4499710196569 250.1232423926409
535.928289761268 320.28304383485505
579.4338748770411 211.35146253600382
578.0920496620283 228.6775244752722
365.2405390331997 205.12243234198422
397.9091196384022 140.22066382331786
448.33017402141195 341.846634573444
502.43402785044645 145.0108471443017
539.2143253297778 345.7106666396617
394.49228575710333 270.7450683849221
434.5827073039109 107.24494986275738
418.1552488234008 130.07824416563537
595.228755195393 273.99027159784634
342.87893534013887 247.3947408423601
332.87023121539244 212.63314739545356
565.3303668205045 125.58963053665877
442.66131242844006 138.60332591226265
622.2883069651618 263.65922624706633
374.67257230836486 256.31790154981877
338.2828056219595 261.95433926517194
621.9808491916835 220.19115366850951
349.1302449941745 253.2601862780772
538.3895085982571 138.49704045630796
351.7524752374991 312.47410303373596
566.5776610629359 187.40259024806133
594.3360058464496 193.99709895501155
402.7103798098835 122.93535894236781
610.1665946259197 210.42335115545686
571.9575810561101 244.4582637067429
510.00593639903923 339.90880524547185
469.2564383006373 377.068121213463
391.37462334861067 332.3200477736539
415.77892917444257 311.34421056245674
505.0506806151134 372.8605557221491
597.8855902185715 208.3455044620589
357.78453563635327 212.66424370200792
399.4668573556662 192.95100435092752
441.38719472039486 340.4364634327167
557.7425787395639 185.14534077807923
490.5288705916707 108.8718043334697
418.61386269321446 317.74670222581767
591.1778998549812 328.8541692226043
579.4850116250174 308.3686228967782
569.4154888906596 128.1723561714967
385.3724601980769 354.8854421209324
577.3883702956745 322.81540431407274
569.5899857218092 164.56492992300468
428.32700340132186 136.9684528159051
555.3303703936912 115.69661794436824
509.18165726999035 342.6268254890309
392.11188369866915 275.1326831492949
579.347947578103 163.8809846589387
599.3654573715517 303.88530677969203
446.03349320377777 378.99465801368575
399.96955583868356 164.53470351528378
568.2177347098341 341.02833839993775
498.82349726093355 356.55627625326247
353.85250506614324 187.4832109240906
377.90382737049043 344.38044299107617
399.29241508567 299.8750316144776
506.8835705592209 105.7474500219258
478.9246800965011 376.08348301926395
602.360798598077 176.86873679734302
570.6629589528936 280.57196990705813
449.5050280551498 366.37297264772
612.2163056598205 233.14225099905624
604.0815403510416 273.0845122382389
399.8116729490972 327.0471653685644
559.4138988750692 159.64231509950346
521.4107654818685 153.39992219552423
480.0612882294721 355.41862953757186
560.7342096827674 127.61279773398803
420.8817668475507 160.10273209364158
375.0417813043856 321.0684572965363
337.3277810611746 198.6719747596169
376.7148079864855 172.2560305874366
496.39189179721126 347.7391575875855
549.902177992943 368.0116002570812
600.1552174381396 219.62477014828983
488.41239081699905 330.08365028327063
339.51081378970207 198.004715129741
414.83230233082566 354.3781824973371
380.5767432212046 248.95665771688095
426.19643294162046 359.3181820128164
364.9584103443091 324.5673773409717
538.9797050594552 156.99282950380973
491.01667980208117 120.51097674626739
564.4972035056038 174.52479968285257
468.1034175094934 345.4629103520941
434.5167695150056 345.5277960341456
410.131122450844 165.66091987048424
616.1417117969187 223.36724043168758
520.2123624970535 365.9066064247408
553.2475678797105 155.72766429439946
344.9674684497975 219.41677290150025
550.927174345736 126.29998339581991
558.1198737279374 150.79133643573044
620.2959182596348 256.41480238144766
609.6558097088134 223.57073719891562
572.7614334589894 356.3133526604993
599.1935244882322 318.81074468953676
386.5920096023781 270.5277886691302
389.93015126035243 133.59857030380613
391.32684420414967 296.450772515473
463.07737145224326 119.02248403033019
439.1860446562389 383.1840761119722
490.4766195572512 147.71089213157336
511.05041893563424 128.28527706669072
489.47648111585664 145.64976877888427
573.3229097798934 292.5203580341181
462.874933395734 139.27601481230306
507.70544355502784 114.31508844233048
446.79819893889106 131.14374853558422
568.048657716452 327.5158633884251
426.4769974800702 160.51734492694328
600.7368223806279 263.7328760457797
572.2185096600779 202.44263400543872
540.1515966953708 136.04475409545893
343.5739998692043 282.7917809015208
415.4772640042811 359.32019969993905
543.2932259079097 311.29582090962924
383.88125347747535 267.39211888785076
475.1545626454526 116.34183415993415
374.20523245263644 291.0938011481512
446.26384916469925 116.41303895484853
601.4075710321436 160.90750510188195
382.4080880258611 211.0379641024834
345.40097962517734 230.4500880537315
555.1637364728244 359.99600799981584
385.62667801040584 293.84235437938145
627.5409373815008 255.51811725062888
593.0761625893089 248.4349086620868
417.96491435550814 306.18303218444225
564.791289882195 313.3883127908216
405.19223391085507 175.57136483495913
346.1490397778816 204.4774091396388
587.5191728305522 148.80404123732563
419.83793960397617 142.2521706794275
523.8578781594595 360.327621247746
576.5279094328622 249.95549363576262
604.639534174819 222.42387442998645
386.31301744279335 306.28263470041634
427.70398397606516 327.4892862672017
516.4532832322636 148.22262600289125
340.21002669608873 284.9790197327916
545.3793925101124 117.558100556857
406.27686766355714 173.82868753147216
583.7882009486716 199.6645546858054
601.9967196225988 212.6034070439083
526.166263434547 130.9726651679229
448.9197355195748 324.9882600899575
345.8164493621448 221.98216067827963
574.2985663106592 303.3896769671026
597.4816687501765 314.9295553907309
463.12991725036943 336.74786010943103
537.8749392382209 134.94224993381215
345.3678053597182 186.89888471519004
533.897530352846 356.6690980933953
558.1408513497847 186.82018697183733
591.4015935328648 289.3545890239385
381.53589587016774 175.73022661987937
550.8333114981763 368.1959302716301
514.2656888401768 364.53064148344276
496.24777539149926 137.26727834802642
595.807933080926 281.9810737942822
401.46674783807885 294.98857582600766
605.7504619421986 168.48629559602898
484.3839509112744 335.655312644099
595.3593734338867 160.89636724688205
425.8559814292897 150.3437145640189
605.1910295676452 243.6097605763558
424.02042373916447 168.16771773430418
491.61034277619586 94.13240524194288
479.2194190759237 336.5409615198625
506.81077579119125 340.13602988988407
579.4510668938724 183.62694853202183
573.2424498489274 178.16841185276263
473.84372116128526 113.13809168382043
389.3514859397069 227.32073888544994
506.7998110118205 100.79264466020607
593.4014237026879 242.87938591710514
576.1155084622715 280.098089007451
359.9205626556052 323.4776713498637
400.1524065922528 312.45003330009797
615.5150542087044 248.04557178942213
587.8913139616022 269.00967282314883
564.6018834450084 155.00860382530763
565.9639956831213 147.65954142040223
402.181422129878 171.36660102904318
588.9755830789089 280.24007680989854
489.38922492743467 333.07294813675765
356.5107858408757 201.25928036929093
408.2413287844216 109.41857048389085
606.3979397114238 256.1463501240878
401.82147054400866 364.6679587883126
587.2604556077455 203.5684621602682
546.089971085347 327.38221858906627
559.568587855652 287.3702717928336
476.8717582488708 126.46937729573925
513.3963972166956 364.69855371947375
426.8381748292024 142.07077592317881
624.5115446068367 246.08078085198485
397.09614249239326 199.9287188776396
426.47740231006094 364.0810430563167
513.097720467449 136.35308632485533
622.1041070953879 265.4723767471504
521.253320136296 101.84961903347056
447.5033515074592 153.95653611161111
438.18888291621585 140.07265554726132
550.0238079614973 327.30514709241896
592.0574773680949 225.2958607745677
548.9740001423814 303.5425033731886
559.5913075473544 185.6557958812729
556.0868675081311 313.8578982916898
564.0848837236679 283.4172477880527
492.58254809280317 355.0925549283005
510.5114994199663 94.10433179256916
452.45075122711177 353.5158424829998
595.414912423978 182.13159131626992
547.4258973499143 349.76138909886527
431.7591256003007 139.47383344125868
476.04558180758187 372.80971488008515
505.84055535287075 332.12598315139047
388.61294712879817 239.62804186027287
544.4799519072775 367.54635280378096
530.5477616867124 161.95973526808987
503.99997657029735 105.90879092300898
404.11557529491637 169.59848136173449
354.62512245381606 189.6802195413226
494.0181498316511 335.6989116696987
461.55538794307995 131.04487629380225
585.3909066628502 291.65361102504033
529.3593257363744 99.05304054663506
389.52853638743534 138.2849358270659
515.5033229797939 376.04220340024267
519.6597116774518 355.6835846237867
570.2396397420117 186.63139402418238
397.42974095413604 158.23207066264297
569.554783092314 261.13822874930315
394.49981377928464 279.58490308979805
412.6044301223149 338.86924575264743
459.9693883141123 100.42375997085654
499.92896585342413 359.7686686206992
428.7989892222864 117.24969749337203
364.48138103106766 228.79312486641183
487.0666467313446 119.30551013181157
596.5310983335605 250.12813507349227
441.6630618429151 334.75398863829935
409.7111872718347 357.9197036792011
348.49094124325575 231.4607553136627
383.93935389242483 313.41918917515216
547.3441281167227 128.47427701757124
350.7954637576627 315.71866921241127
399.88272067936884 362.73224400062406
594.2475091348878 174.22300817896524
419.5930616835325 148.85311205814656
398.28974773986334 114.93700536164985
352.9776079012282 272.71036326681127
434.8444899008861 375.173589786146
559.0065814660177 173.65522493509954
343.1779822615064 232.67919549009474
373.10728724946716 326.03190837754244
383.39708079528384 211.4644996040143
504.15284731179315 120.53115896297481
548.6747121906741 301.4935383532121
540.9092130619349 337.15539552222214
566.7223800386998 172.6371737885862
356.1706621047398 155.9650588038259
565.5609424971253 184.93365068269057
615.8448338021293 187.72473142647772
610.5967365366483 262.3919890419012
462.4308093639125 372.10624632193657
369.5765268734042 242.56855695296085
564.5157857295035 151.42214391390593
616.1303353805653 301.91101208630124
579.4074723743594 131.37786454539133
574.3870428190269 216.69646204071813
338.2719375017891 268.98074934097485
502.2506735210903 117.33760170822725
618.6168643346366 243.67047378398462
